.Random.seed <-
c(403L, 122L, 1991115664L, -656478669L, 1923145169L, 1932984192L, 
170750558L, 27937193L, 263071835L, -1180135318L, -408370932L, 
1885379407L, 1710106629L, 64951996L, -5763182L, -1196909427L, 
713009863L, 274951086L, -680507896L, 1693686283L, -1031152919L, 
1045497272L, 618635878L, 677072641L, -300439149L, -660716990L, 
-977189388L, 1972592631L, -1786780691L, -1402680188L, 117600938L, 
236439573L, -878514001L, -1343758666L, 1744751840L, 1237757987L, 
-2057892031L, -1358400976L, 413306958L, -1658695495L, 773006539L, 
-906106502L, 1906209916L, -427753281L, 1397138837L, 1046926764L, 
-135909502L, -301312675L, -275649449L, -721466562L, 1602491256L, 
-1065320357L, -966965319L, -1070705144L, -755342154L, -1656486927L, 
-1717645789L, -146018702L, -1233267516L, -658562425L, 759355997L, 
-364323756L, -1165216134L, -886618683L, -631347425L, -395083098L, 
1806279728L, -107669805L, -1566264079L, 1334939680L, 1598080702L, 
1439486665L, 1053108347L, -446511542L, -1655471444L, 1244173743L, 
1772418405L, -129842404L, -325949582L, 854703085L, -1159525337L, 
810923086L, 607328424L, -1033505109L, 489579465L, -84934696L, 
-1576987002L, -1048916127L, 798425843L, -1513915038L, 316677076L, 
-1681826089L, -1878563635L, 2124801124L, 1399384650L, 726986677L, 
-680291569L, -960155626L, 1093712576L, -2024252285L, -567777119L, 
1843740304L, 819953006L, 1626950425L, -597520469L, 1954409882L, 
-1489823396L, 1796550751L, -1794703307L, -224537652L, 859264802L, 
1405512061L, 117408375L, -1270809698L, 780413528L, 742130619L, 
649151833L, -1607098648L, 2004655894L, -974835567L, -911307453L, 
784914514L, 1978526436L, -1214141145L, 231994749L, 447241332L, 
1058326106L, -217644379L, -1713616705L, 1513061190L, 377965008L, 
-452371469L, 1535968017L, -816213184L, -1915995362L, -688618519L, 
-1317336805L, 119710506L, 1142154316L, -2027688945L, 1865860933L, 
1134620924L, -892420270L, -274779955L, 932397191L, -918903954L, 
1617319240L, 776003915L, -19868503L, 848340472L, -689140442L, 
1278438977L, -459905069L, -1942930046L, 245977524L, -2129003209L, 
-1723090899L, 1233429828L, -2010406294L, 605867221L, 973572719L, 
208060278L, 280821920L, -1482253981L, -1993057791L, -644691600L, 
-1734182642L, -1862415495L, 317145867L, -1169863622L, 2043112252L, 
2109620351L, 746775509L, 504172012L, -1224958142L, -1701994339L, 
-1750853353L, -408063874L, -103036872L, 1205919515L, 1421618297L, 
471741640L, 1620464886L, -1600436943L, 933492067L, 2127173426L, 
1549484164L, -257024825L, -739405923L, -507135212L, -988558918L, 
-1426923515L, -610331169L, 2090657894L, 339695600L, -1235115757L, 
450035377L, -493733536L, -1929408770L, 96201353L, -1308195397L, 
-451248246L, 2020271724L, 1354225647L, 77033509L, 925630684L, 
-1259182414L, 1804044717L, -1451197081L, 1196042894L, -1357499544L, 
2007296875L, 1638716681L, 347777944L, -652137786L, -1384771551L, 
586339507L, -1406286302L, -887818220L, 398359703L, 484824717L, 
323270564L, -856774262L, 1472730613L, 1979975759L, -2090098858L, 
1563981312L, -1157904573L, 1019518689L, 1101436988L, 1554922064L, 
1776443554L, -541211832L, 1587974668L, -166055204L, 408119378L, 
850762880L, -1249693868L, -540508184L, 1388866298L, -2065809584L, 
-1677540308L, 1719394676L, 1810568850L, -2022966688L, -810968948L, 
-1464022688L, -698361630L, -1461943128L, 102780620L, -1009985028L, 
-359373902L, 427523056L, -1973528124L, -1617695400L, -762984070L, 
930658736L, 2040037820L, -1533165996L, -1580242494L, 1427376928L, 
507550652L, -268853168L, -1774722078L, 725878632L, 1795366732L, 
1603174140L, 1936228082L, 694189312L, 577647732L, 1428299272L, 
49864122L, -22952496L, -521576468L, 125991828L, -1836199726L, 
1455672416L, 2024248652L, 1929325344L, -265176446L, 41624040L, 
-1500765204L, 268174908L, -748962190L, 962810736L, -985592540L, 
958220856L, 191787418L, 822461904L, -30280260L, 545466004L, -1259584894L, 
659891648L, 444550972L, 512258704L, -985200862L, -1546480120L, 
597906188L, -1437693028L, 711369746L, 501986176L, -1403917548L, 
-618322648L, 83537978L, 36180944L, -668398996L, -2142770124L, 
-1706829678L, -1995341472L, 573906252L, 1013845472L, 1763767202L, 
512580520L, -2018513780L, 1370014652L, 337652850L, 826673136L, 
1258189892L, 156256344L, -305422278L, -2141450128L, 303367740L, 
-250476780L, -1345692990L, 2048819936L, 1108274300L, 73395408L, 
-4228190L, -803607000L, 270698764L, -1126803524L, -849127118L, 
-1585266496L, -167939532L, -2076849464L, -1588155718L, 1577628816L, 
971871980L, -2078507436L, 2144405138L, 1185761056L, 2062120908L, 
-1277378336L, 1865940674L, 221983784L, 1697291180L, 1295301308L, 
-1001682446L, -1315776976L, 927086500L, 1559851448L, 32867162L, 
-413961072L, 1897114492L, 598533908L, -1051931326L, -878579968L, 
292017084L, 756993872L, 1959397666L, 399237704L, -347041780L, 
1154143324L, -1655098926L, -1824997888L, 483631444L, 1153093864L, 
1506959610L, -470399280L, -145239764L, 2053136628L, 776080786L, 
179034464L, 119789580L, -1083522336L, -428758430L, -1072315736L, 
-84153780L, -1286344836L, -649292494L, 213083760L, 603222852L, 
1767532504L, -305264774L, -911952336L, -1850873924L, -84691372L, 
1581633602L, -1802669920L, 1595193020L, 1642883536L, -1400126622L, 
1308664552L, -1295400756L, 1669456380L, 1467478514L, 1671629440L, 
562339316L, -66439544L, 1205985082L, -1032105136L, -236983188L, 
888111508L, -869190574L, 1772290528L, -1331602228L, -1153055584L, 
2107045250L, -1152661272L, 436827884L, 298865980L, 965151858L, 
-1970214800L, 348717092L, 1654869048L, -740610278L, 1788964048L, 
-332021956L, 766371732L, -1404808318L, -971814464L, 884670012L, 
1360872848L, 622738978L, 1187652872L, -1813467508L, -298868964L, 
-253771630L, 1773844864L, 1689216532L, -1684365528L, 1787697722L, 
-1325908528L, -2091472532L, -1880521804L, -200910830L, -2021296672L, 
-722581556L, -1238769440L, 155326498L, -110993112L, -2101862900L, 
576268092L, 633193458L, 1088527088L, -240136636L, -246791592L, 
1113640762L, -958994960L, -721594692L, -2047887084L, 1130578626L, 
1466954848L, 1800930172L, 1161959376L, 587129122L, -1246355772L, 
300213618L, -1585334201L, -801493999L, -2114646634L, -777334540L, 
-418186619L, 1944499151L, 1423538888L, -360580250L, -404192877L, 
-1066530059L, 745743058L, 332451104L, -1522178807L, -1395482053L, 
1407350668L, -368224742L, 60329615L, -1623602727L, -1412022674L, 
-477569540L, 2100815725L, 2110148887L, 1657208032L, -924241218L, 
556040331L, 864739085L, -1937707206L, -407132296L, 1966259489L, 
314629587L, -335192844L, -62171774L, 497274903L, 1986836193L, 
-299323354L, 1878811940L, -1732080171L, 1681715583L, -908365800L, 
1763675958L, -1256515133L, -2101438459L, 1666653090L, 620545936L, 
327787321L, 2106963947L, -172042020L, 1265322250L, 801224703L, 
1980283465L, 77553630L, 1147449228L, 970907485L, 2001307495L, 
1164033168L, 1469731502L, -446525605L, 1703763773L, 454450602L, 
239186504L, 98079345L, 1311957987L, -264532252L, 2020808210L, 
1134797287L, -1063969359L, -726160394L, -1908693484L, -1581037275L, 
2104111663L, 1772152808L, -2054565690L, -753007245L, 922193365L, 
289239474L, -1474769024L, 267965289L, -830228517L, -928645332L, 
1669558586L, -311013393L, 151739001L, 2023705870L, 344843484L, 
-469173427L, 1297879735L, -624402368L, 859103518L, 2092501995L, 
-1737885843L, -1944175142L, -432803944L, 1363197441L, 799133619L, 
-1250459948L, 361744354L, 1738664567L, -815164479L, -1471639226L, 
-605011836L, 1267566133L, -829632993L, 521664888L, -2131330986L, 
1261966563L, 2079605413L, -626786494L, -651944656L, -2142364327L, 
9817803L, -942430404L, -659280022L, -259744353L, 211006505L, 
-1639078210L, 1180813228L, 983420157L, -2075903929L, -1678080208L, 
851894350L, -1917162373L, -1386922019L, -1942934006L, 1939665704L, 
1669807505L, -1912175741L, -59185020L, 432244402L, -1240196601L, 
48523857L, 457859542L, 1429867700L, 899217605L, -1065973233L, 
-410492280L, 672602022L, -1588633773L, -277536587L, 2039381522L, 
1788222432L, -469881271L, 1505668219L, -1978184372L, -656901926L, 
1756825807L, -646785895L, 1244469422L, -1580841540L, 1711365677L, 
